waypoints:
  - id: 1
    lat: 42.667952
    lon: -83.218889
  - id: 2
    lat: 42.668073
    lon: -83.218898
  - id: 3
    lat: 42.668134
    lon: -83.218904
  - id: 4
    lat: 42.668289
    lon: -83.218898